"CDS: POSSESSION-MARIHUANA"
"CDS:POSSESS-NOT MARIHUANA"
"CDS:P W/I DIST:NARC"
"CDS:POSSESSION"
"CDS:POSS PARAPHERNALIA"
"CDS: POSS MARIJUANA L/T 10 G"
"CDS: POSS-MARIJUANA"
"CON-CDS:POSSESS-NOT MARIHUANA"
"CON-CDS:POSS W/INTENT DIST: NA"
"CDS:POSS W/INTENT DIST: NARC"
"CON-CDS DIST-NARC"
"CDS DIST-NARC"
"CON-CDS MANUF/DIST-NARC"
"CDS MANUF/DIST-NARC"
"ATT-CDS DISTRIBUTE - OTHER"
"CDS PACK MATERL POSS/DISTR"
"CDS MAN/DISTR/DISP - NARC"
"CDS POS W/INT MAN/DIST/DIS"
"CDS:POSSESS-NOT MARIJUANA"
"CDS: POSS-MARIHUANA"
"CDS PARA USE POS W/INT USE"
"CDS POSS W/INT TO DIST"
"CDS POSSESSION"
"CDS MANUF/DISTRIB/DISPENSE"
"CON-CDS:P W/I DIST:NARC"
"ATT-CDS:P W/I DIST:NARC"
"HIRE ETC MINOR: DIST CDS"
"CDS: POSSESSION-MARIJUANA"
"CDS-POSS OF FIREARMS"
"CDS:SCHOOL BUS/PROPERTY ETC."
"CDS-POSS W/I MANUF/DIS/DISP-NA"
"CDS ATTEMPT, CONSPIRACY"
"CDS-UNLAWFUL POSSESSION ETC"
"CDS ADMIN EQUIP POSS/DIST"
"ATT-CDS MANUF/DISTRIBUTE"
"CDS: POSS MARIHUANA L/T 10 G"
"CDS MANUF/DISTSRIBUTE-CON"
"CDS: P0SSESSION-MARIHUANA"
"CDS MANUF/DISTRIBUTE"
"CDS:COM NUIS: DIST. NARC"
"ATT-CDS MANUF/DIST-NARC"
"CDS:POSSESSION-CON"
"ATT-CDS DIST-NARC"
"CDS ATTEMPT,CONSPIRACY"
"CDS:MAINT COM NUIS/MAKE, ETC"
"CDS: DISTR ETC. W/FIREARM"
"CDS:POSS W/INT MANF/DISTR/DISP"
"CDS:P W/I DIST: SCHL BUS/PROP"
"CDS POSSESS - LG AMT"
"CDS MAINT COM NUIS/MAKE"
"CDS SCHOOL BUS PROP. ETC."
"ATT-CDS:POSSESS-NOT MARIHUANA"
"CDS POSS W/I MANUF/ETC PCP"
"CDS REMOVE/ALTR REQD LABEL"
"CDS PACKAG MATERIAL:POSS/DISTR"
"CDS-MANUF/DISTRIB/DISPENS-NARC"
"CDS:POS W/I DIST:PCP/LSD"
"CON-CDS DISTRIBUTE - OTHER"
"HIRE ETC. MINOR DEL/DIST CDS"
"CDS DISTRIBUTE - OTHER"
"CDS MFGING MATERIAL:POSS/DISTR"
"CDS ADMINIS EQUIP:POSS/DISTRIB"
"CDS:COM NUIS: DIST. PCP/LSD"
"CDS-UNLAWFUL MFGR ETC"
"CDS PARA USE POSS W/INT USE"
"CDS:P W/I DISTR:NARC-CON"
"ATT-CDS: P0SSESSION-MARIHUANA"
"CDS PRESCRIP/FALSE LABEL"
"CDS PRES ILL POS W/IN DIST"
"ATT-CDS/PRESC:ILLEGAL MANUFAC"
"CDS-POSS W/I MANUF/DIS/DIS:CON"
"CDS ATTEMPT,CONSPIRACY:CON"
"CDS MANUFACT/DIST-NARC-ATT"
"ATT-CDS: POSSESSION - MARIHUAN"
"CDS MANUF/DISTRIB/DISPENSE-CON"
"CDS: POSS W/INT MANF/DISTR/DIS"
"CDS-POSSESS-NOT MARIJUANA"
"ATT-CDS DIS-NARC"
"CDS:MANUFAC/DISTRIBUTE/DISPENS"
"CDS: MANUFAC/DISTRIBUTE/DISPEN"
"CDS DIST:SCHOOL PROP/BUS"
"CON-CDS MANUF/DISTRIBUTE"
"CDS-INHALE HARM SUBSTANCE"
"CDS-PARA/USE POSS W/INTENT USE"
"FAKE CDS: POSS W/I DIST"
"CDS:PRODUCTION EQUIPMENT"
"CDS POS/PUR NONCONT SUBST"
"CDS/COUNTRFT CREATE/DISTR"
"CDS: POSSESSION MARIJUANA"
"CDS-DISTRIBUTE"
"CDS/COUNTRFT POS W/INT DIS"
"CDS POSS W/INTENT - LG AMT"
"CDS ILL ACT/PRESCRPTN DRUG"
"CDS MANUFACT/DIST-NARC-CON"
"CON-FAKE CDS DIST:FRAUD"
"FAKE CDS DIST:FRAUD"
"CDS MANUF/DISTRIBUTE-ATT"
"CDS:COM NUIS: ADMIN NARC"
"CDS:POSSESSION:ATT"
"CDS/PRESC:ILLEGAL MANUFAC"
"CDS: OBTAIN BY FRAUD"
"CDS:OBTAIN BY FRAUD"
"CON-CDS: POSSESSION - MARIJUAN"
"CDS MAINT COM NUIS/ADMINIS"
"CON-CDS:POS W/I DIST:PCP/LSD"
"CDS:DIST CNTRFT NARC"
"CDS:OBTN BY MAKING FORGD PRESC"
"CDS:IMPORT INTO STATE"
"COMM NUIS/DISTRIB CDS"
"CDS:POSS PARAPHERNALIA/ SUB OF"
"CDS SCHOOL BUS PROP. ETC.:CON"
"ATT-CDS:POSSESS-NOT MARIJUANA"
"CON-CDS:POSSESS-NOT MARIJUANA"
"CDS MFG MATERIAL POSS/DIST"
"CDS-POSS W/I MANUF/DISTR/DISP-"
"CDS-PARA/DELIVER SELL MFG ETC."
"POSS A CDS SCHED TO WIT MARIJU"
"CDS:MAINT COM NUISANC/ADMINIST"
"CDS OBTN BY ALTER PRESCRIP"
"CON-CDS: POSSESSION - MARIHUAN"
"CDS - POSS/PURCH NONCONTROLLED"
"CDS/PRESC: ILLEGAL MANUFAC"
"HIRE ETC MINR DEL/DIST CDS"
"COMM NUIS/ADMINISTER CDS"
"CDS PRESCRIP/REMOVE LABEL"
"CDS-POSS/PURCH NONCONTROLLED S"
"NON-CDS: DISTR & REPRESENT AS"
"CDS-BRING INTO STATE"
"CDS:MANUFAC/DISTRB/DISPENS:CON"
"CDS: SCHOOL BUS/PROPERTY ETC."
"CDS:POSSESSION-MARIHUANA"
"CDS MAN/DISTR/DISP - NARC:CON"
"CDS PRESC OBTN MKE FORGERY"
"CDS PRESCR OBTAIN BY FRAUD"
"CONSPIRE-CDS POSSESS - LG AMT"
"CON-CDS:IMPORT INTO STATE"
"CDS:MANUFAC/DISTRB/DISPENS:ATT"
"ATT-CDS:POSS W/INTENT DIST: NA"
"CDS:MFG/DIST-PCP/LSD"
"CDS ADMINIS EQUIP: POSS/DISTRI"
"ATT-CDS-MANU/DIST-NARC"
"CDS-POSSES-NOT MARIHUANA"
"CDS-POSS W/I MANUF/ETC.-PCP"
"CDS:ADMINSTER"
"CDS - POSS. OF FIREARMS"
"CON-HIRE ETC MINOR: DIST CDS"
"ATT-CDS:POSSESSION"
"CDS PRESC OBTN ALTER ORDER"
"POSS/REC CDS WHILE CONF/DET"
"CON-CDS: P0SSESSION-MARIHUANA"
"CDS POSS FOR DISTRIBUTION"
"CDS-ILL. ACT/PRESCRIPTION DRUG"
"CDS PARA/DEL SELL MFG ETC"
"ATT-CDS DIST:SCHOOL PROP/BUS"
"CDS:P W/I DISTR:NARC-ATT"
"CDS - DRUG KINGPIN"
"CDS INTERS/TRANS 28GR COKE"
"CDS/PRESCRIP:ILL POSS W/INT DI"
"CDS/PRESCRIP: ILLEGAL MANUFACT"
"CDS ATTEMPT, CONSPIRACY-CON"
"ATTEMPT TO POSSESS CDS"
"CDS: MAINT COM NUISANCE/MAKE,"
"CON-CDS:MFG/DIST-PCP/LSD"
"CON-CDS:POSSESSION"
"CDS-DRUG KINGPIN"
"CDS/PRESCRP:OBTN-MAKE FORGERY"
"CDS:ADMINISTER"
"CDS REGIS/NUISANCE LOCATN"
"CON-CDS:P W/I DIST: SCHL BUS/P"
"CDS-MANUF/DISTRIB/DISPENS-:CON"
"CON-CDS ATTEMPT,CONSPIRACY"
"CDS:INTERST/TRANS:28GR COKE"
"CDS PRES REMOVE REQ. LABEL"
"CDS:INTERST/TRANS:100LBS MARIJ"
"CDS:DIST PARAPHERNALIA"
"CDS/COUNTERFEIT:EQUIPMENT"
"POSS OF CDS"
"CDS-MANUF/DISTRIB/DISPENS-:ATT"
"CDS/COUNTERFEIT: EQUIPMENT"
"POSS. W/I DISTR. CDS"
"CON-COMM NUIS/DISTRIB CDS"
"CDS-PROCEEDS FROM OFFENSE"
"COMM NUIS/DISTRIB CDS-ATT"
"CON-CDS:POSS-MARIHUANA"
"CDS POSSESSION/COCAINE"
"CDS ADM. EQUIP: POSS/DISTR"
"POSSESS A CDS"
"CDS PRESC OBTN IMPERSONATN"
"CON-CDS DIST:SCHOOL PROP/BUS"
"CON-CDS-DISTRIBUTE"
"CDS:OBTAIN/ADMIN/BY FRAUD:CON"
"CDS:POSS/INT MANUFAC/DISTR:CON"
"NON-CDS DIST/RPRSNT AS CDS"
"CDS POSSESSION-NOT MARIJUANA"
"CDS POSSESSION-CON"
"CDS:MFG/DIST-PCP/LSD-CON"
"CDS: DIST-PCP/LSD"
"CDS POSSESS INTENT TO DISTRIBU"
"CAUSE MINOR TO POSS CDS"
"CDS MFG MATERL: POSS/DISTR"
"CDS PACKAG MATERIAL: POSS/DIST"
"POSS OF CDS H"
"POSS OF CDS C"
"CON-CDS/PRESC:ILLEGAL MANUFAC"
"FAKE CDS:POSS W/I DIST"
"CDS: POSS-MARIJUANA 10 GRAMS+"
"CDS OBTN BY MAKE FRGE PRES"
"POSSES OF CDS INTENT TO DISTRI"
"CDS MFGING MATERIAL: POSS/DIST"
"ATEMPT TO DSELL CDS"
"CDS;POSSION-NOT MARIHUANA"
"CDS:INTERST/TRANS:28GR COK:CON"
"CDS/POS W/INT MAN/DIST/DIS-CON"
"CDS:POSSESSION:CON"
"CON- CDS: POSS MARIHNA L/T 10"
"POSSESS CDS LESS THAN 10 GRAMS"
"CDS:P W/DIST:NARC"
"CDS POSS-NOT MARIJUANA"
"CDS/COUNTERFEIT:POSS W/INT DIS"
"POSS CDS PARA"
"POSS CDS-MARIJ"
"POSS CDS-COCAINE"
"CDS PKG MATERL: POSS/DISTR"
"CDS:SCHOOL BUS/PROPERTY,ETC"
"CDS-HEROIN"
"SELLING BOOT-LEG CDS"
"ATT-CDS:IMPORT INTO STATE"
"CDS INTERS/TRANS 4GR OPIUM"
"CDS/COUNTERFEIT: CREATE/DISTRI"
"CDS:DIST CONTRFIT PCP/LSD"
"SELL BLACK MARKET CDS"
"CDS: POSS HEROIN"
"CON-CDS: DISTR ETC. W/FIREARM"
"CDS POSSESSION, DISTRIBUTION"
"CDS-POSS W/I MANUF/DISTR/D:CON"
"CDS-POSSESION-MARHIUANA"
"ATTMP CDS:POSS-NOT MARIHUANA"
"CON-CDS:POSS PARAPHERNALIA"
"CDS POSSESS;MARIHUANA"
"CDS:INSTRUCT MINOR IN INHALING"
"CDS:DIST TO MINOR FOR INHALING"
"POSSESS CDS"
"MANUFACTURE CDS"
"CDS:POSS/INT MANUFAC/DISTR:ATT"
"CDS: MAINT COM NUISANC/ADMINIS"
"ATTEMPT TO PURCHASE CDS"
"CDS POSSESSION-ATT"
"ATT-FAKE CDS: POSS W/I DIST"
"CON-CDS:COM NUIS: DIST. NARC"
"ATT-CDS:DIST-PCP/LSD"
"POSS CDS"
"CDS/PRESCRP:OBTN-ALTER ORDER"
"POSS CDS: CRACK COCAINE"
"DID POSS A NON CONTROLLED CDS"
"DID CREATE DIS/COUNTERFEIT CDS"
"CDS-PARA/DELIVER SELL MFG ETC"
"CDS MANUF/DIST - LG AMT"
"CDS:POSSESSION-MARIHUANIA"
"CDS/PRESCRIP:ILLEGAL MANUFACTR"
"CDS: MFG/DIST/DISP - PCP"
"ATTEMPT CDS:POSSESSION"
"CON-CDS: DIST-PCP/LSD"
"NON-CDS USED AS CDS: DIST"
"CDS/COUNTRIFT: CREATE/DISTRIB-"
"ATT-CDS ATTEMPT, CONSPIRACY"
"ATT-CDS POSS W/INTENT - LG AMT"
"CDS:BRING INTO STATE"
"CDS:POSS HEROIN"
"POS/HANDGUN AFTER CDS CONVICT."
"POSS. HANDGUN AFTER CDS CONVIC"
"POSS HNDGUN AFTER CDS CONVICT."
"CDS:OBTAIN BY PERSONATION"
"NON-CDS TO BE USED AD CDS: DIS"
"CDS/PRESCRIP: ILL POSS W/INT D"
"CDS-POSS W/I DEL CONFINEMENT"
"CDS-DELIVER-CONFINEMENT"
"CDS POSSESSION / CONSPIRACY"
"CDS-UNLAWFUL MFGR ETC CONSP."
"CDS/PRESCR: POSS/SCH #4"
"CDS:ADMIN RQUIP POSS DIST"
"CDS:POSSES-NOT MARIUANA"
"POSSESS CDS COCAINE,NARCOTICS"
"MANUFACTURE CDS - NARCOTIC"
"CDS/PRESCRP: OBTN-ALTER ORDER"
"POSSESION CDS"
"ATT-CDS OBTN BY MAKE FRGE PRES"
"POSS CDS HEROIN"
"COMM NUIS/ADMINISTER CDS-ATT"
"CON-CDS PACK MATERL POSS/DISTR"
"CDS MAN/DISTR/DISP - NARC-CON"
"POSS CDS SCHED COCAINE"
"POSSESS CDS PARAPHERNALIA"
"CDS: ATTEMPT,CONSPIRACY"
"CON-FAKE CDS DIST"
"CON-FAKE CDS: POSS W/I DIST"
"FAKE CDS DISTRIBUTE"
"CON-CDS POSS W/INTENT - LG AMT"
"CON-COMM NUIS/ADMINISTER CDS"
"CONSPIRE TO COMMIT CDS VIOLATI"
"CDS/COUNTRFT POS W/INT DIS-ATT"
"CDS DRUG KINGPIN"
"CDS POSSESS:NOT MARIUHANA"
"CONSPIRACY:DIST:CDS OF SCH I"
"LOITERING FOR PURP OF CDS ACT"
"POSS CDS;COCAINE"
"CDS PARA"
"CDS/PRESCRP:REMOVE REQD LABEL"
"ATT-CDS POS/PUR NONCONT SUBST"
"CON-CDS/COUNTRFT POS W/INT DIS"
"CON-CDS/COUNTRFT CREATE/DISTR"
"ATT-CDS/COUNTRFT CREATE/DISTR"
"CON-CDS PRES ILL POS W/IN DIST"
"CDS MAN/DISTR/DISP - NARC:ATT"
"NON-CDS:DISTR & REPRESENT AS C"
"ATT-CDS PRES ILL POS W/IN DIST"
"CDS/HEROIN"
"ATTEMPT POSSESSION CDS"
"CDS:ADMIN - NOT MARIHUANA"
"CON-CDS DIST TO INHALE"
"ATT-CDS DIST TO INHALE"
"CDS:0OSS-PARAPHERNIA"
"CDS:POSEION- NOT MARIHUANA"
"CDS: POSSESSION-COCAINE"
"CDS/PRESCRP:OBTAIN BY FRAUD"
"POSS A CDS COCAINE"
"CDS:POSSESS-AMPHETAMINE"
"CDS MAN/DIS PCP/LSD LG AMT"
"POSS: CDS;HERION"
"CDS: MANUFAC/DISTRB/DISPENS:AT"
"CDS CONTNR:AFFX FALSE LABEL TO"
"CONSPIRACY VIOLATE CDS"
"CDS:INTERST/TRANS:4GR OPIUM"
"ATT - MANUFACTURE CDS - NARC"
"CDS BRING INTO STATE-HEROIN"
"ATT-CDS-DISTRIBUTE"
"SOLICITING CDS (MARIJUANA)"
"DELIVER CDS TO MINOR"
"POSSESSCDS/TO WIT COCAINE"
"CDS DISTRIBUTION 0F COCAINE"
"CDS:CONSP. TO POSSESS"
"CDS & PARA:PLACE MAKE/STOR:ATT"
"CDS: UNLAWFUL POSSESSION: CON"
"CDS:POSSES-NOT MARIHUANA"
"CDS ATT DIST-NARC"
"COMM NUIS/DISTRIB CDS-CON"
"CDS-UNLAWFUL MFGR ETC - CON"
"ATT-CDS ATTEMPT,CONSPIRACY"
"ATT-CDS MANUF/DIST - LG AMT"
"POSS CP W/I TO TEST CDS"
"CDS:POSSES-NOT MARIHUANIA"
"ATT-CDS-NARC"
"CDS POSS W/INTENT TO USE"
"CDS: MANUF/DISTR/DISPENS"
"ATT-CDS-DELIVER-CONFINEMENT"
"CDS:POSS-MARIHUANA"
"CONSPIRACY TO DISTRBUTE CDS"
"POSS/ CDS;HERION"
"CONSPIRACY TO POSS CDS"
"CDS: PRODUCTION EQUIPMENT-NARC"
"CDS:POSSESS-MARIHUANA"
"POS-NON CDS-DIS AS CDS"
"POSSESS CDS MARI UNDER 10 GRAM"
"ATT-CDS DIST-NARC II"
"CDS POS"
"ATT-CDS:MFG/DIST-PCP/LSD"
"CDS PARA-DELIVERY TO MINOR"
"CDS POSS W/I MANUF/ETC PCP:CON"
"SELL COUNTERFEIT DVD/CDS"
"CDS:POSSESSION-NOT MARIHUANIA"
"CDS"
"ATTEMPT POSSESSION/CDS"
"CDS_BRING INTO STTE"
"CDS;BIKE W/O LIGHTS DEFLECT"
"CDS:POSSESSION-SCHEDULE II"
"CDS:POSS"
"STEAL MUSIC CDS/CALDOR"
"CDS: OBTN BY ALTERING/PRESCRIP"
"CON-CDS:POSS-MARIJUANA"
"CON-CDS:POSSESSION - MARIHUANA"
"ATTEMPT/POSS CDS SCHEDULE II"
"CDS POSS; SCHEDULE 3, SUBOXONE"
"CDS POSS SCHEDULE ONE: HEROIN"
"CDS POSS OF COCAINE"
"CDS PRES ILL POS"
"ATT-FAKE CDS DIST:FRAUD"
"CDS INSTRU IN INHALING"
"CDS USE OF INV REGIS NMBR"
"CDS OBTN BY CONCEAL FLS ID"
"ATTEMPT CDS: POSSESSION"
"LOITERING FOR CDS ACTIVITY."
"CDS DIST TO INHALE"
"LOITERING FOR CDS PURPOSE"
"CDS-UNLAWFUL MFGR ETC - ATT"
"POSS CDS:MARIJUANA"
"ATT-CDS:POSSESSION - MARIHUANA"
"CDS PRESC OBTN MKE FORGERY:ATT"
"CDS/PRESCRP CONTNR: FALSE LABE"
"CON-CDS PRESC OBTN MKE FORGERY"
"CDS: ADMINISTER MARIHUANA"
"CDS:POSSESS- MARIHUANA"
"CDS/COUNTRFT POS W/INT DIS-CON"
"NON-CDS TO BE USED AS CDS:DIST"
"CDS COM NUIS-PCP/ADMIN"
"CDS-POSS WI MANUF/DIS/DISP-NAR"
"CDS-POSS W/I MANUF/ETC. PCP-CO"
"POSSESSION CDS"
"POSSES CDS/COCAINE"
"CDS OPIATE W/O PRESCRIPT."
"CDS - DELIVER - CONFINEMENT"
"CDS: INTERST/TRANS: 28GR COKE"
"CDS:REGSTRNT DIST W/O REQ FORM"
"ATTEMPT:TO POSSESS CDS"
"CDS:REGISTRANT/NUISANCE LOCATN"
"CDS:IMPORT 5-45 KILO MARI"
"CDS:POSSESSION HEROIN"
"CDS PARA-ADVERTISE"
"CDS-ILL ACT/PRESCRIPTION DRUG"
"CDS:POSSESSION MARIJUANA"
"CDS: POSS-MARIJUANA L/T 10 G"
"ATTEMPT TO DIST. CDS"
"CDS:OBTN BY ALTERING/PRESCRIPT"
"ATTEMPT TO POSS A CDS"
"CDS:POSSESS-COCAINE"
"CDS/PRESCRP: OBTN-MAKE FORGERY"
"DID POSSESS A CDS"
"CDS:CONSPIRACY ATTEMPT"
"CDS:COM NUIS:ADMIN PCP/LSD"
"POSSESS CDS TO WIT MARI."
"CDS-POSS W/I MANUF/DIS/DIS:ATT"
"SELL COUNTERFEIT CDS/DVD"
"CDS POSSESSION-CONSPIRACY"
"CDS CONTNR: AFFX FALSE LABEL T"
"CDS/PRESCRP:OBTAIN-PRESONA:ATT"
"CDS/PRESCRP:OBTN-ALTER ORD:ATT"
"CDS:MAINT COM NUISANCE/MAKE, E"
"POSSESSION CDS-MARIJUANA"
"CDS-UNLAWFUL POSSESSION ETC -"
"CDS:POSSESS-NOT MARIJUANA OXCI"
"CDS:CONSPIRE W/ INTENT/DISTRIB"
"CDS:SCHOOL BUS/PROPERTY ET:ATT"
"CONSPIRACY:CDS OF SCH I"
"CDS POS W/INT MAN/DIST/DIS-CON"
"CON-CDS MANUF/DIST - LG AMT"
"CDS: OBTN BY MAKING FORGD PRES"
"POSSESS NON CDS BELIEVED TO BE"
"INTENT TO DIST. NON-CDS AS CDS"
"POSS CDS SCHED WIT HERION"
"CDS DIST/DISPENSE-LG AMT"
"CDS-UNSOLICIT MAILING"
"CON-CDS REGIS/NUISANCE LOCATN"
"POSSESS-CDS"
"CDS MANUF/DISTRIB/DISPENSE-ATT"
"CDS POSS W/I DIST"
"CDS POSS"
"ATT-CDS PRESC OBTN ALTER ORDER"
"ATTEMPT -MANUFACTURE CDS"
"CDS:POSSES-MOT MARIHUANA"
"CONSPIRACY W/I DIST CDS"
"NON-CDS POSS W/I DIST AS CDS"
"CDS/COUNTRFT: CREATE/DISTRIB-N"
"CDS POSSESS TO WIT MARIJUANA"
"CDS DIST TO MINR TO INHALE"
"CDS/COMMON NUISANCE"
"UNLAWFUL POSS CDS - ATT"
"CDS - POSS W/I DEL CONFINEMENT"
"CDS/PRESCRP:OBTN-CONCEALMENT"
"CDS-DISTRI/NON-CONTROLLED SUB"
"ATT-CDS PRESC OBTN MKE FORGERY"
"CDS: PRODUCTION EQUIPMENT"
"CDS/COUNTRFT CREATE/DISTR-ATT"
"CON-CDS-POSS OF FIREARMS"
"CDS FRAUD IN OBTAIN DRUGS OR P"
"CDS POSSESSION:COCAINE"
"HYPODERMIC OF CDS FOR ADMINIST"
"CDS:POSSESS-HEROIN"
"CON-CDS DIST-NARC HEROIN"
"ATT-CDS DIST-NARC HEROIN"
"POSSESS A CDS TO WIT: MARIJ."
"POSS. CDS SMOKING PARA."
"ATT-CDS MAN/DIS PCP/LSD LG AMT"
"ATT POSS CDS"
"CDS/PRESCR: POSS/ SCH #4"
"CDS/COUNTERFEIT:CREATE/DISTRIB"
"CDS:POSSES-NOTMARIHAUNA"
"ATT-CDS-DIST-NARC"
"CDS:POSESS"
"CDS/PRESCRP: OBTAIN BY FRAUD"
"CON-CDS-POSS W/I DEL CONFINEME"
"CDS/PARA"
"CDS:POSS.-SCHEDULE IV"
"CDS:POSS-PARAPHERNATION"
"CDS:BUPRENORPHINE"
"CDS POSSESSION: COCAINE"
"CDS-SELL SUBSTITUTE DRUG"
"CDS;POSS-NOT MARIHUANA"
"CDS PRESC OBTN CONCEALMENT"
"CDS TO UNAUTHOR REGISTRANT"
"CDS:POSS W/INT MARJ"
"POSS:CDS OF SCHEDULE II"
"CDS:INTERST/TRANS:28 GR METHAM"
"CDS-DIST HARM SUB TO MINOR"
"CDS:PW/I DIST CONTRFT PCP/LSD"
"ATT-CDS OBTN BY ALTER PRESCRIP"
"CONSP TO VIOL CDS LAWS"
"VIOLATION CDS LAWS"
"ILL DITRIB/CONCEAL OF CDS"
"POSSESSION OF CDS"
"CDS POSS FOR DIST TO MINOR"
"CDS: XLR-11"
"CDS UNLAWFULLY POSS"
"POSS:CDS:DISTRIBUTION"
"POSS:CDS OF SCHEDULE I"
"CDS: ADMINISTER MARIJUANA"
"CDS/COUNTRFT CREATE/DISTR-CON"
"POSS COUNTERFEIT CDS & DVDS"
"CDS:PRODUCTION EQUIPMENT-GENER"
"CDS:UNLAWFUL MGR- NARC"
"POSSESSION:CDS OF SCHED II"
"ATT-CDS ADMIN EQUIP POSS/DIST"
"CDS: POSS/MFG FORGED PRESC"
"LOITTER:PURPOSE OF CDS"
"CDS/PRESCRP:OBTAIN-PRESONATION"
"CDS: PRODUCTION EQUIPMENT-CON"
"CDS-POSSESSION"
"CDS CNTRFT POS W/I DIS PCP"
"CDS: POSS"
"CDS: POSS W/INTEN TO DISTRI"
"CDS POSSESION/COCAINE"
"HANGUN IN FEL. CDS CRIME"
"POSESS CDS PARAPERNALIA"
"POSSESSION OF A NON-CDS"
"CDS POSSESSION OF SCHEDULE I"
"CONSUME ALCOHOL AND/OR CDS"
"CON-CDS:DIST CNTRFT NARC"
"CDS:POSSESSION-SCHEDULE I"
"POSSESS CDS TO WIT: MARIJUANA"
"CDS POSS SCHED 1 HEROIN"
"CDS POSS SCHED II COCAINE"
"CDS ATTEMPT, DISTRIBUTE"
"LOITER FOR PURPOSE OF CDS"
"ATT-CDS:POSS PARAPHERNALIA"
"CDS:POSSESS OF COCAINE"
"POSSESS A CDS SCHEDULE 2"
"POSESSION:CDS-ATTEMPT"
"ATT.CDS MANUF/DIST-NARC"
"CDS POSS SCHED II WIT COCAINE"
"POSS CDS: COCAINE"
"CONSPIRACY TO POSSESS CDS"
"CDS:POSSESSION NOT MARIHUANIA"
"CDS PRES CONTNR FALSE LABL"
"CDS POSS/CONSPIRACY"
"ATT-CDS: POSS - MARIJUANA"
"CDS:OBTN BY CONCEALNG/FALSE ID"
"ATT-CDS PARA-DELIVERY TO MINOR"
"LOITERING CDS FREE ZONE"
"CDS;POSSES-NOT MARIHUANA"
"POSSESS CDS PARAPHER"
"CDS: POSSESSION MARIHUANA"
"CDS COM NUIS-PCP/MAKE"
"CDS CNTRFT CREATE/DIST PCP"
"CDS-POSSESS W/INTENT DIST NARC"
"CDS-POSSESS MARIJUANA"
"CDS:POSSESION-NOT MARIHUANIA"
"ATTEMPT TO POS CDS"
"CDS-MANUF/DISTRIB/DISPENS-PCP"
"ATT-CDS: POSS - MARIHUANA"
"CDS;P W/I DIST;NARD"
"SELLIND CDS W/OUT LICENSE"
"CDS CONSPIRACY/DISTRIBUTE"
"CDS POSS/COCAINE"
"CDS MANUFAC/DISTRIB/DISPENS"
"CDS POSS PARAPHERNALIA"
"CDS;POSSESS-NOT MARIHUANA"
"MAINTAIN A NUIS-STORAGE OF CDS"
"CDS- UNLAWFUL POSSESSION/CON"
"CDS POSS OF MARIHUANA"
"CDS: ADMINSTER"
"CDS POSSESS:NOT MARIHUANA"
"ATTEMPT TO POSSES A CDS"
"POSSESSION CDS/ CONSPIRACY"
"CDS: REMOVE/ALTER REQD LABEL"
"SELL CDS W/O VENDORS LICENSE"
"ATTEMP TO POSSES CDS"
"CDS OF SCH TO WIT COCAINE"
"POSS CDS;MARIJUANA"
"CONSPIRACY TO DISTRIBUTE CDS"
"CDS: ATTEMPT DIST-NARC"
"COMM NUIS/ADMINISTER CDS-CON"
"CDS POSS NOT MARIJUANA"
"POSS:CDS/WIT:HEROIN"
"ATT-CDS:DIST CNTRFT NARC"
"CDS: P0SSESS AN OPEN CONTAINER"
"ATT-CDS PRESCR OBTAIN BY FRAUD"
"ATT-CDS PRESC OBTN CONCEALMENT"
"CDS-ILL DIS/REGISTRANT"
"LOITER: ILLEGAL ACTIVITY CDS"
"NON-CDS DISTRIBUTION"
"POSS NON-CDS W/INT TO DIST"
"NON-CDS;POSSESSION"
"CDS:POSSES-NOTMARIHUANA"
"CDS OPIATE WITHOUT PRESCRIPTIO"
"CON-CDS ATTEMPT, CONSPIRACY"
"STEAL CDS/CALDORS"
"ATT- CDS: POSS MARIHNA L/T 10"
"POSSISSION OF CDS HEROIN"
"POSS CDS: HEROIN"
"ATTEMPT POSSESSION OF CDS"
"CDS;POSSESSION-MARIHUANA"
"CDS:SCHOOL BUS/PROPERTY ET:CON"
"CDS: POSSESSION: CONSPIRACY"
"CDS: POSS PARAPHERNALIA"
"CDS:POSS FOR DISTRIB TO MINOR"
"CDS: ATTEMPT, CONSPIRACY"
"UNLAWFUL POSSESSION CDS ETC"
"UNAUTH CDS-DIST/MAN/DIS TO REG"
"POSS CDS: MARIJUANA"
"CDS:PRODUCTION EQUIPMENT-CON"
"CDS REGIS. REMOV/ALTR LABL"
"CDS POSSESSION/NOT MARIJ"
"CDS: POSSESS-NOT MARIHUANA"
"LOITER 2600 CDS"
"DID POSSESS A NON CDS"
"DID POSSESS CDS/INTENT DISTRIB"
"POSS. CDS 1000 FT. SCHOOL"
"ATT CDS DIST-NARC"
"UNLAW POSS CDS HEROIN"
"POSS. CDS W / I DIST: CON."
"POSS CDS W/I DIST"
"POSS:CDS/HEROIN"
"POSS CDS SCHEDULE I"
"CONSPIRACY TO POSSESS:CDS"
"CONSPIRACY COMMIT CDS VIOL."
"PARAPHERNALIA TO INJECT A CDS"
"CON-CDS-DELIVER-CONFINEMENT"
"CDS PS NOT MARIHUANA"
"CDS CONTNR:AFFX FLSE LABL"
"POSS:CDS-DIST"
"POSS:CDS-MANUF-DISP-DIST"
"POSS NON-CDS W/ REP AS CDS SUB"
"POSSES CDS/MARAJUANA"
"POSSESSION OF CDS MARIJUANNA"
"CDS:POSS W/INTENT TO DISTRIBUT"
"LOITER-PURPOSE/PURCHASE CDS"
"CONSPIRACY:CDS DIST"
"CDS POSSESSION:HEROIN"
"SOL-CDS MANUF/DIST-NARC"
"CDS""POSSESSION-MARHUANA"
"CDS ATT DISTRIBUTE - OTHER"
"CDS MAINT COM NUIS/MAKE-ATT"
"CONSPIRACY TO DISTIBUTE CDS"
"CDS POSS/W INTENT TO USE"
"ATT-HIRE ETC MINOR: DIST CDS"
"CON- CDS: POSS MARIJNA L/T 10"
"CON-CDS:IMPORT 5-45 KILO MARI"
"CDS PARA W/INT TO USE"
"CDS POSSESION: MARIJUANA"
"CDS:POSSESS-NOTMARJIUANA"
"CDS:POSSESSION MARIHUANA"
"POSS CDS, MARIJUANA"
"ATT CDS DISTRIBUTE - OTHER"
"ATT CDS DIST- NARC"
"CDS:POSS NEAR ELEM SCHOOL"
"ATT-CDS DISTRIBUTE-OTHER"
"CDS: POSSESS"
"CDS-SCHOOL ZONE"
"CDS -PROCEEDS FROM OFFENSE"
"POSSESSION CDS:COCAINE"
"LOITERING FOR CDS ACTIVITY"
"CDS POSS: HEROIN"
"ATT-CDS TO UNAUTHOR REGISTRANT"
"LOITERING FOR PURPOSE OF CDS"
"LOITER 500 GOLD ST FOR CDS"
"OSSESS CDS SCHEDULE I"
"CDS CONSPIRACY"
"CDS:INTERSTATE TRANSP LSD"
"POSSESSION OF CDS-COCAINE"
"UNLAWFUL SMELL/INHALE CDS"
"POSS W/I DIST CDS"
"CDS MANUFACTURE-LG AMOUNT"
"CDS:POSSESSSION-NOTMARIJUANA"
"CDS DIST- OTHER"
"CDS/COUNTERFEIT: POSS W/INT DI"
"CDS ADM W/VIOLENT CRIME"
"CDS:POSSSES-NOT MARIHUANIA"
"MINOR TO DIST CDS"
"POSSESS CDS TO WIT: MARIJ."
"CDS:POSSESSION -NOT MARIHUANIA"
"CDS - DRUG KINPIN"
"SELLING CDS W/O A PERMIT"
"POSS CDS SCHED II COCAINE"
"POSSESSION:CDS OF SCHEDULE II"
"CON-CDS-DRUG KINGPIN"
"CDS:POSS;DIST; W/I SCHOOL"
"CDS CONTNR: AFFX FLSE LABL"
"CDS:POSSESS MARIJUANA"
"CDS POSSESSION : HEROIN"
"ATTEMPTED CDS DIST"
"CDS: POSS W/I TO DISTRIBUTE"
"POSSESS A CDS TO WIT : MARI"
"CDS:POSS-MARIHUANNA"
"SOL-CDS MANUF/DISTRIBUTE"
"CDS POSSESS: MARIJUANA"
"CDS POSSESS"
"CDS POSSESS W/INT DIST"
"ATT-CDS:OBTAIN BY FRAUD"
"ATTEPMT TO POSSESS CDS/HEROIN"
"CON-CDS:POSS W/INTENT DIST:NA"
"CDS:POSS W/INTENT DIST:NARC"
"POSSESSION CDS / CONSPIRACY"
"CDS: INTERST/TRANS: 4GR OPIUM"
"CDS POSSION MARIHUANIA"
"POSSESS CDS WIT: COCAINE"
"POSSESS CDS/HERION"
"HINDER CDS ARREST"
"POSS CDS;SCHEDULE II"
"CDS:MANUF/DIST-NARC"
"SOL-HIRE ETC MINOR: DIST CDS"
"CDS UNLAWFUL POSS-MARIJUANA"
"ATT-CDS:POS W/I DIST:PCP/LSD"
"ATT CDS MANUF/DISTRIB/DISPENSE"
"CDS:POSSESS OF SCH II"
"CON-CDS POSS FOR DISTRIBUTION"
"ATTEMPT TO POSS CDS"
"CDS POSSES W/INTENT TO USE"
"CDS: NOT-MARJUANIA"
"CDS: DRUG PAPPHAMALIA"
"CDS: POSSESS NOT MARHIANA"
"POSS;CDS:COCAINE"
"CDS REMOVE ALTR REQD LABEL"
"CDS:POSS NOT MARI"
"CDS:POSSESSION- MARIJUANA"
"CDS-FRAUD IN OBTAIN DRUGS OR"
"CDS-PARA/USE POSS W/INTENT"
"CDS:COUNTERFIT EQUIP:PCP/LSD"
"CDS/COUNTRFT: POSS W/I DIS-NAR"
"ATT-CDS:DIST PARAPHERNALIA"
"CDS POSS W/I DIST NON-CONTROLL"
"ATTEMPT POSS CDS/COCAINE"
"CDS POSSESSION CONSPIRACY"
"OP. VESSEL/DWI, CDS, ETC."
"CDS CONSPIRCY"
"CON-CDS:P W/I DIST NON CDS AS"
"CDS ATTEMPT,CONSPIRACY:ATT"
"CDS:POSS:NOT MARIHUANA"
"CDS PACK MATERL POSS/DISTR:CON"
"CDS:POSSESSION-MATRIHUANIA"
"CDS:POSSESSS-NOT MARIHUANIA"
"CDS: REGISTRNT UNAUTHRIZD MANF"
"POSS CDS TO WIT HEROINE"
"POSSES A NON CDS"
"POSS CDS-NOT MARIJUANA"
"DISTRIBUTE A CDS OF COCAINE"
"LOITER PURPOSE OF CDS"
"CDS POSS SCHED COCAINE"
"CDS POSS SCHED HERION"
"CDS POSS TO DISTRIBUTE"
"CDS-POSS PARAPHERNALIA"
"CDS: POSSESS MARIHUANA"
"POSS CDS COCAINE"
"CDS;POSSES NOT MARIHUANA"
"POSSES A CDS"
"POSS: CDS"
"POSS CDS, SCHED II:COCAINE"
"CDS- UNLAWFUL MFGR.ETC CONSP."
"CDS POSSESSION/ CONSPIRACY"
"POSSESION/CDS"
"CON-CDS:OBTAIN BY FRAUD"
"CON-CDS OBTN BY MAKE FRGE PRES"
"CDS PRESCR OBTAIN BY FRAUD:ATT"
"ATTEMPT CDS MFGR DIST."
"NONCONTROLLED CDS"
"NON CONTROLLED CDS"
"CDS:POSSESS COCAINE"
"CDS POSS: SYNTHETIC MARIJUANA"
"CDS; POSS MARI L/T 10G"
"CDS: OBTN BY ALTER PRESCR."
"FAKE CDS: DIST/POSS W/I DIST"
"CDS NON CONTROLLED"
"CDS: PRODUCTION EQUIPMENT-PCP"
"CDS:OBTAIN BY FRAUD:CON"
"CDS MANU/DISTSRIBUTE-C0N"
"CDS:POSS-MARIJUANA L/T10GRAMS"
"CON POSS/REC CDS WH CONF/DET"
"CDS INTERS/TRANS 28GR PHEN"
"CON-CDS OBTN BY ALTER PRESCRIP"
"CDS SCHEDULE I MARIJUANA"
"CDS:ADMIN - NOT MARIJUANA"
"CDS:POSSESS PARAPHERNALIA"
"CDS/COUNTRFT: EQUIPMENT-NARC"
"CDS POSS FOR DIST"
"ATT POSS/REC CDS WH CONF/DET"
"OP. VESSEL/DWI,CDS,ETC."
"CDS/PRESCRP: OBTAIN-PRESONATIO"
"NON CONTROLED CDS"
"CDS DRUG KINGIN"
"CDS OBTN BY MAKE FRGE PRES:ATT"
"CDS-DELIVERY TO MINOR"
"POSS OF CDS/MARIJUANA"
"CDS/PRESC: ILLEGAL MANUFAC:ATT"
"CDS:PROD EQUIP:PCP/LSD"
"CONSPIRE TO COMMIT DIST. CDS"
"NON-CDS: DISTR & REP AS CDS-AT"
"POSS CDS/MARIJUANA"
"POSS W/INTENT TO USE PARAP/CDS"
"CDS:REMOVE/ALTER REQD LABEL"
"CDS:POSSESS-NOT MARIHUANA-COC."
"CDS POSS XLR-11/K-2 SPICE"
"CDS-UNLAWFUL MFGR.-NARC.-CONSP"
"POSS OF PIPE USED FOR CDS"
"CONPIRACY TO DISTRIBUTE A CDS"
"POSS CDS PARAPHERNALIA/ROLLING"
"CDS: OBTN BY ALTER PRESCR.:ATT"
"CONSPIR/CDS:POSS-NOT MARIHUANA"
"CDS:POSSESS OF HERION"
"CDS:OBTN BY MAKING FORGD P:ATT"
"CDS: OBTAIN MARIHUANA BY FRAUD"
"CDS/PRESCRP CONTNR:FALSE LABEL"
"POSS OF CDS MARIJUANA"
"POSS OF MARIJUANA-CDS"
"CDS INSTR MINR IN INHALING"
"CDS:OBTN BY MAKING FORGD P:CON"
"CDS:ADMINSTER MARIHUANA"
"CON-CDS POS/PUR NONCONT SUBST"
"CDS REMOVE/ALTER REQD LABLE"
"ATTEMPT TO POSS CDS MARIH"
"CDS: POSSESSION-HEROIN"
"POSS OF CDS/MARJUANA"
"ATT-CDS:OBTAIN BY PERSONATION"
"POSS CDS/MARIJUANA, THC"
"CDS OBTN BY ALTR PRES"
"CDS REGIS. RECORDS FAILURE"
"ATT-CDS: POSSESSION - MARIJUAN"
"CDS: SCHOOL BUS/PROPERTY E:CON"
"ATT-CDS OBTN BY CONCEAL FLS ID"
"CDS:POSS/INT MANF/DISTR/DISP-C"
"CDS/PRESCRP: REMOVE REQD LABE"
"CDS: OBTN BY CONCEALNG/FALSE I"
"CDS/PRESCRP: OBTAIN BY FRAUD-C"
"DISCHARGE RIFLE + USER OF CDS"
"CON-CDS:DIST PARAPHERNALIA"
"CDS: REGISTRANT/NUISANCE LOCAT"
"CON-CDS MFG MATERIAL POSS/DIST"
"ATT-CDS OPIATE W/O PRESCRIPT."
"CON-CDS:OBTAIN BY PERSONATION"
"CDS POSS W/INTENT/LG AMT"
"ATT-CDS:ADMIN NOT MARIHUANA"
"CDS POSS W/INTENT-LG AMT"
"CDS-DISTRIBUTE-CON"
"CDS: POSS-MARIHUANA 10 GRAMS+"
"CDS;REMOVE REQUIRED LABEL"
"CDS/PARAPHERNALIA"
"CON-CDS OBTN BY CONCEAL FLS ID"
"CDS: OBTAIN BY PRESONATION"
"CDS:OBTN BY CONCEAL/FALSE ID-A"
"CDS POSSW/INTENT DIST-LG AMT"
"CDS REMOVE/ALTER REQ LABEL"
"ATT-CDS-PROCEEDS FROM OFFENSE"
"CDS/POS W/INT MAN/DIST/DIS-ATT"
"CDS: MFG/DIST/DISP - PCP:CON"
"CDS: POSS/INT MANUFAC/DISTR:AT"
"CDS:OBTAIN BY FRAUD-ATT"
"POSS CDS;MARIJUANA<10G"
"CON-CDS PRESCR OBTAIN BY FRAUD"
"CDS:OBTN BY MAKING FORGD PPRES"
"CDS OBTN BY CONCEAL FLS ID-ATT"
"CDS: OBTAIN BY PERSONATION"
"CDS:OBTAIN BY FRAUD:ATT"
"CDS:OBTAIN BY PERSONATION:ATT"
"CDS: INSTRUCT MINOR IN INHALIN"
"REMOVE CDS LABEL"
"CON-CDS:PRODUCTION EQUIPMENT"
"CDS OBTN BY CONCEAL FLS ID:ATT"
"CON-CDS PRESC OBTN ALTER ORDER"
"CDS OBTN BY ALTER PRESCRIP-ATT"
"CDS/PRESCRP:OBTN-ALTER ORD:CON"
"CON -MANUFACTURE CDS"
"CDS/PRESCRP: OBTN-CONCEALMENT"
"CDS:POSS-MARIJUANA L/T 10 G"
"ATT-CDS PACK MATERL POSS/DISTR"
"TRANSPORT CDS: MARIJUANA"
"CDS:POSS PARA W/INTENT TO USE"
"ATT-CDS POSS FOR DISTRIBUTION"
"CDS: OBTAINBY FRAUD-CON"
"VEND CDS W/O LICENSE"
"DISCHARGE RIFLE & USER OF CDS"
"CON-CDS PRESCRIP/REMOVE LABEL"
"CON-CDS-PROCEEDS FROM OFFENSE"
"NON-CDS:DISTR & REP AS CDS-CON"
"CON-CDS ADMIN EQUIP POSS/DIST"
"ATT-CDS:IMPORT 5-45 KILO MARI"
"TRANSPORT CDS IN TAXICAB"
"POSS CDS PARAPHENALIA"
"VENDING CDS W/O A LICENSE"
"CDS: POSS-MARIJUANA LESS 10G"
"ATT-CDS:P W/I DIST: SCHL BUS/P"
"ATT- CDS: POSS MARIJNA L/T 10"
"POSS CDS PARAPH/WATER & MARIH"
"CDS: DIST TO MINOR FOR INHALIN"
"CONSPIRE TO POSSESS A CDS"
"CDS: POSSESS- NOT MARIHUANA"
"ATT-CDS POSS W/INT TO DIST"
"CDS:OBTN BYALTERING/PRESCRIPT-"
"ATT-CDS/COUNTRFT POS W/INT DIS"
"CDS/COUNTRFIT:CREATE/DISTRIB-P"
"CON-CDS:POSS-MARIJUANA 10 G+"
"CDS:POSS-MARI L/T 10 GRAMS"
"SELL CDS W/O VENDERS LICENSE"
"SELL CDS & DVDS W/O LICENSE"
"CDS MAINT COM NUIS/MAKE-CON"
"ILLEGALLY PRESENT CDS TO SELL"
"CDS POSS W/INT DIST-LG AMT"
"NON-CDS DIST/RPRSNT AS CDS:CON"
"CON-CDS PARA-ADVERTISE"
"CDS: DRUG KINGPIN"
"CDS POSS MARIJUANA"
"CDS: PARAPHERNALIA"
"CDS DRUG PARAPHANELIA/POSS"
"CDS DRUG PARAPHANELIA"
"POSS CDS PARAPHERNALIA"
"POSSESSION OF CDS/INT TO USE"
"MANUFACUTURE CDS"
"VEND CDS/DVDS W/O LIC."
"UNLAWFUL SALE OF CDS"
"POSS/PURCHASE NON CDS"
"SOL-CDS:POSS W/INTENT DIST: NA"
"CDS: POSS PARA W/INTENT TO USE"
"FAKE CDS;POSS W/I DIST"
"ATT-CDS-POSS OF FIREARMS"
"SOL-CDS POSS W/INT TO DIST"
"CDS/COUNTRFT: CREATE/DISTR:CON"
"POSS CDS DRUG PARAPH/CRACK PIP"
"DISTRIBUTION OF CDS"
"POSS CDS PARAPH/CRACK PIPE"
"REMOVE/OBLIT LABEL ON CDS"
"CDS OBTN BY MKG FORG PRESC"
"CON-CDS MAN/DISTR/DISP - NARC"
"CDS-POSS PURCH NONCONTS"
"CDS:POSS W/INTENT-LG AMT"
"POSS CDS PARAPHERNAIALIA"
"CDS :POSSESS-NOT MARIHUANA"
"ATT TO POSS CDS W/INTENT DIST"
"CDS:OBTN BY ALTERING/PRESC:ATT"
"POSS W/INT TO USE CDS PARAPHER"
"CDS OBTN BY ALTER PRESCRIP:ATT"
"ATT-CDS: POSS - MARIHUANA 10G+"
"ATT-CDS-INHALE HARM SUBSTANCE"
"CDS:POSS-MARIHUANA L/T 10 GRAM"
"CDS POSS W/INT-LG AMT"
"CON-CDS:ADMIN NOT MARIHUANA"
"CDS:POSS W/INTENT DISTRIBUTE"
"SELL CDS W/O HAWKERS LICENSE"
"ATT-CDS PRESC OBTN IMPERSONATN"
"CON - MANUFACTURE CDS - NARC"
"UNLAWFULLY SELL CDS W/O LICEN"
"CDS PRODUCTION EQUIP - PCP"
"FAKE CDS:POSS W/INT DIST"
"CDS REGIS REFUS AUTHR INSP"
"ATT-CDS: DISTR ETC. W/FIREARM"
"SOL-CDS:P W/I DIST:NARC"
"CDS PARA GLASS PIPE"
"CON CDS POSS W/INT TO DIST"
"POSS CDS DRUG PARAPHANELIA/CRA"
"CDS:POSS W/INTENT TO USE"
"DID UNLAWFULLY POSSESS CDS"
"POS CDS W/I TO MANUFACTURE"
"POSS CDS PARAPHRENALIA"
"UNLAW VEND CDS ON WMATA PROP."
"CDS - PROCEEDS FROM OFFENSES"
"CON-CDS POSS W/INT TO DIST"
"POSS CDS PARAPH/CRACK PIPES"
"SOLICITING CDS IN BUS BAY"
"ATT-CDS:COM NUIS:ADMIN PCP/LSD"
"ATT-CDS:COM NUIS: DIST. PCP/LS"
"CON-CDS MAN/DIS PCP/LSD LG AMT"
"NON-CDS DIST/RPRSNT AS CDS-CON"
"POSS OF CDS W/I TO DISTRIB"
"POSS CDS W/I TO MANUFACTURE"
"POSS CDS W/INTENT TO USE"
"CDS REMOVE/ALT REQD LABLE"
"SELL CDS W/O PEDDLERS LIC"
"CDS:POSS-MARIJUANA"
"FAKE CDS POSS W/I DIST"
"CDS-DISTRIBUTE:CON"
"CDS: INTERST/TRANS: 28GR COKE-"
"UNLAWFULLY MAN CDS SCH II #300"
"CDS REGISTRANT UNAUTH MFG"
"CDS: OBTAIN MARIJUANA BY FRAUD"
"UNLAWFULLY POSSESS A CDS OF"
"POS OF CDS W/I TO DISTRIB"
"ATT-CDS-POSS W/I DEL CONFINEME"
"POSS W/INTTO USE CDS DRUG PAR"
"SOL-CDS:PRODUCTION EQUIPMENT"
"POSSESS WITH INTNT TO USE CDS"
"UNLAWFULLY POSSESS A CDS"
"SOL-COMM NUIS/DISTRIB CDS"
"SOL-CDS:P W/I DIST: SCHL BUS/P"
"CDS LARGE AMT"
"UNLAWFUL ACT - CDS"
"ATT-CDS: ADMINISTER MARIHUANA"
"CON-CDS OPIATE W/O PRESCRIPT."
"SELL/POSSESS BOOT-LEG CDS"
"CDS/COUNTRFT POS"
"CDS POSS: MARIHUANA"
"MANUFACT CDS W/I DISTRIB"
"CDS-ATTEMPT, CONSPIRACY"
"ATT-CDS PW/1 DIST CONTRFT PCP"
"FALSE PRESC W/INT TO DIST CDS"
"CDS: POSS-MARI < 10GRAMS"
"CDS TO UNAUTHORIZED REGISTRANT"
"POSS WITH INTENT TO USE CDS"
"FISHING W/O VALID CDSF LICENSE"
"POSS CDS/PARA"
"POSSESS W/INT TO USE CDS PARA"
"CDS:USE OF INV REGISTRATN NMBR"
"POSS CDS, PARA"
"NEG HMCD-AUTO/BOAT-CDS"
"CDS:INTERST/TRANS:28GR PHENCYC"
"CDS PARA USE POS W/INT USE:CON"
"LIFE THRT INJ/VEH-BOAT/CDS"
"CON-CDS PRESC OBTN CONCEALMENT"
"CDS CNTRFEIT:POSS/INT DIST:ATT"
"POSS W/INTENT USE CDS PARAP"
"CDS PRESC OBTN ALTER ORDER:CON"
"CDS MARIHUANA"
"CDS DRUG PARAPHERNALIA"
"CDS/COUNTRFIT:POSS W/I DISTRIB"
"CDS ADM W/SEX OFFENSE"
"CDS: INTERST/TRANS: 100LBS MAR"
"CDS MNKG,ISSU,PRESEN FLS PRESC"
"CDS:POSSESS-OPIUM"
"ATT OBTN CDS/FORG W/INT SELL"
"CDS POSSESS PARAPHARNALIA"
"CDS/PRESCRP:OBTN-MAKE FORG:ATT"
"DRIVING UNDER INF CDS"
"POSS W/INTENT TO USE CDS PARAP"
"CDS:POSSESS-ALPRAZALAN"
"POSS CDS PARA W/INTENT TO USE"
"POSS W/INTENT USE CDS"
"CDS PRESCR OBTAIN BY FRAUD:CON"
"CDS:REGISTRANT REMOV/ALTR LBL"
"ATT-CDS:ADMINISTER"
"CDS-BRING INTO STATE-CON"
"CDS:PRODUCTION EQUIPMENT-ATT"
"PS CDS PAR W/INTENT TO USE"
"SOLITITATION OF CDS"
"CDS: POSSESSPARAPHERNALIA"
"CDS: POSS PARAPHENALIA"
"CDS: POSSESSION - MARIHUANA"
"POSS CDS PARA W/INT TO USE"
"DRIVING U/INFLU OF CDS"
"POSS SYRINGE TO INJECT CDS"
"CDS: PPPOSS PARAPHERNALIA"
"CDS POSSESS PARAPHERNALIA"
"POSS CDS: MARIJUANA < 10GR"
"CDS: POSSESS PARAPHERNAILIA"
"SOLICIT TO POSSESS CDS SCH II"
"CON-CDS OTHER PRODUCTION EQUI"
"CONSPIRACY/DIST/CDS"
"CONSPIRACY/POSS-CDS"
"CDS INTERS/TRANS 4GR OPIUM-CON"
"CDS POS/PUR NONCONT SUBST:CON"
"CDS INTERS/TRANS 4GR OPIUM:CON"
"CONSPIRACY/DIST-CDS"
"CDS: MFG/DIST/DISP - PCP-CON"
"CDS INTERS/TRANS 28GR COKE:CON"
"CDS PRESC OBTN IMPERSONATN:CON"
"CDS: POSSESS PARAPHERNALIA"
"CDS & PARA:PLACE MAKE/STOR:CON"
"CON-CDS DIST/DISPENSE-LG AMT"
"POSS W/INTENT TO USE CDS PARA"
"CDS:POSSESS MDMA"
"CDS: POSS MARIJUANA L/T 10G"
"CDS POSSESS PARAPHERNAILIA"
"CDS:POSSESS-ETHYLONE"
"POSS/INT TO USE CDS"
"CDS/PRESCRP:OBTAIN BY FRAU:ATT"
"POSS W/INT TO USE CDS/SYRINGE"
"POSS OF CDS PARAPHERNALIA"
"CDS REMOVE LABEL 4 YRS/25,000"
"POSS. CDS PARAPHENALIA"
"CDS POSSESSION WINTENT DIST"
"CDS POSSESSION MARIHUANA"
"CDS PARAPHERNALIA"
"POSS CDS TO PARAPHERNALIA"
"CDS/PRESCRP:OBTN-MAKEFORGERY-A"
"POSSES OF CDS PN PRK PRP/MARIJ"
"CDS;POSSESS WITH INTENT TO USE"
"STRUCTURE BOARDED/EXCDS 6 MO"
"POSSESSION CDS; MARIJUANA"
"CDS:POSSESS DRUG PARAPHERNALIA"
"CDS POSSESSION-MARIHUANA"
"CDS POSSESS MARIJUANA L/T 10G"
"ON MNCPPC PROP WITH CDS"
"CDS ABUSE"
"CDS-PARAPHERNALIA"
"FAIL TO MAINTAIN TAXDRMY RECDS"
"POSS CDS PARA-GLASS SMK DEVICE"
"CDS:PLACE/ILLEGL ADMINSTRG:CON"
"CDS:POSS MARIJUANA LESS 10 GMS"
"CDS POSSESSION IN PARK"
"CDS:POSS PARAPHENALIA"
"POSSESS CDS PARA"
"CDS: POSSESS-MARIJUANA"
"OPERATE TAXI W/O WRITTEN RECDS"
"CDS:POSS MARIJUANA LESS 10G"
"CDS USE OF DISTRIBUTION"
"POSSESSION/CDSPARAPHERNALIA"
"CDS:POSS MARIJUANA L/T 10G"
"SOL-CDS DISTRIBUTE - OTHER"
"OP VESSEL/DWI, CDS, ETC"
"CDS POSSESSION MARIJ L/T 10GRM"
"POSS CDS ON PARK PROP"
"OPER VESSEL IMPAIRED BY CDS"
"SOLICIT CDS GOODS TRANS FAC"
"FAIL TO SUBMIT REQD RECDS/DOCU"
"CDS DIST TO MINOR TO INHALE"
"CDS REGISTRNT DIST NO FORM"
"POSS CDS ON PARK PROPERTY"
"POSSESS CDS ON PARK PROP"
"POSS CDS MARIJUANA L/T 10 GRAM"
"OP VESSEL/DWI, CDS,ETC"
"CDS SCHOOL BUS PROP. ETC.:ATT"
"POSSES CDS: MARIJUANA"
"ATT-CDS DIST/DISPENSE-LG AMT"
"POSESS CDS ON PARK PROPERTY"
"POSS OF CDS ON PARK PROPERTY"
"LOITER: PURPOSE CDS ACTIVITY"
"POSSESSION/CDS PARAPHERNALIA"
"CDS ON PARK PROP"
"CDS POSSN MARIJUANA L/T 10G"
"SELL CDS W/O LICENSE"
"POSS CDS MARJ <10 GRAM"
"POSS OF CDS ON PARK PROP"
"CDS/PARAPHENALIA"
"PEDDLING HOMEMADE CDS WARNED"
"ALCOHOL TOBACCO & CDS"
"CDS POSSESSION ON PARK PROP"
"POSSESS CDS: MARIJUANA"
"STRUCTURE BOARDED EXCDS 6 MO"
"SELL CDS/NO VENDOR LIC"
"POSS CDS:MARIJUANA L/T 10GRAMS"
"POSS ILLEGAL CDS ON PARK PROP"
"ALC, CDS, TOBACCO"
"POSS OF CDS: PARA"
"POSSES CDS SCHED I; MARIJUANA"
"CDS:POSS-PSILOCYBIN"
"POSS CDS-MARIJUANA"
"POSS CDS TO WIT MARIJUANA<10GR"
"POSSESS CDS - MARIJUANA"
"CDS:OBTN BY CONCEALING/FALSE I"
"CDS: POSSESS PARAPHERANLIA"
"POSSESS/USE CDS PARAPHERNALIA"
"CON-CDS POSS NOT MARIJUANA"
"PERMIT SOUND AMPLIF/EXCDS 50FT"
"ATT-FAKE CDS DISTRIBUTE"
"ATT-CDS PARA-ADVERTISE"
"POSS CDS PARAPHANELIA"
"CDS;POSS;MARIHUANA"
"CDS;POSS;PARAPHERNALIA"
"CDS POSS NOT MARIHUANA"
"CDS CNTRFEIT: POSS/INT DIST:AT"
"CDS:INTERST/TRANS:4GR OPIU:CON"
"CDS:POSS W/INTENT DIST: MARIJ"
"CDS INTERS/TRANS 28GR COKE-CON"
"CDS-SCHOOL BUS/PROPERTY ETC."
"STEAL CDS"
"NON-CDS USED AS CDS: DIST:CON"
"CDS:NON-CONFORMING PRESCRIBE"
"CDS-SCHOOL BUS PROPERTY ETC."
"CDS:POSSN-CONTROLLED PARA"
"CONS.TO POSS. CDS SCH 1 LSD"
"STEAL CDS FROM WALMART"
"CDS POSS PARA"
"CDS:POSS W/INTENT DIST: MARI"
"POSS CDS PARAPH"
"POSS CDS LESS 10 GRAMS"
"CDS POSS MARIJ LESS THAN 10 GR"
"POSS CDS:MARIJUANA LESS 10GRAM"
"CDS POSS MARIJUANA LESS 10 G"
"CONSP PPOSSESS CDS LG AMT"
"CDS MANUF/D"
"CDS:SCHEDULE II-COCAINE"
"ATTEMPT DIST NON CDS"
"SELLING DVDS & CDS W/O LICENSE"
"POSSESS CDS OF SCH I-MARIJUANA"
"POSS/USE CDS PARA"
"SELL CDS/DVDS W/O A LICENSE"
"CDS:POSSESSION SCHEDULE II"
"ATT TO POSS CDS"
"CDS/POSSESSION/CONSPIRACY"
"CDS: POSS- NOT MARIHUAN"
"POSS OF CDS; MARIJUANA"
"POSSES CDS MARIJUANA"
"POSSESSION OF CDS-PARA"
"POSS. W/I DIST. NON-CDS CONSP."
"CDS:POSSESSION -NOT- MARIHUANA"
"ATT-CDS:COUNTERFIT EQUIP:PCP/L"
"LOITER 1200 VIO CDS LAWS"
"ATTEMPT POSS CDS"
"STEAL 10 CDS/CALDOR"
"CDS: MANU/DIST/DISPENS:CON"
"POSS NON-CONTROLLED SUBS-CDS"
"STEAL AMER BOOTS BLUES CDS"
"CDS-FRAUD IN OBTAIN DRUBS OR P"
"CDS;POSSE-NOT MARIHUANA"
"CDS-POSS COCAINE"
"LOITER/CDS LAWS"
"POSS A CDS OF SCH COCAINE"
"CDS POSSESS SCHEDULE II"
"ATT-CDS:MANF/DIST-NARC"
"CDS:REGISTRNT UNAUTHRIZD MANFC"
"CDS:POSSESSION-HEROIN"
"REMOVAL ATTACHED CDS LABEL"
"CDS POSSESS: COCAINE"
"CDS-DID DISTRIBUTE"
"CONSPIRACY/CDS"
"CDS PARAPHENILIA"
"POSS CDS SCHEDULE (I) HERION"
"DRIV. UNDER INFLU OF A CDS"
"CONSPIRACY TO POSSESS/CDS"
"POSS.CP;MEASURE CDS"
"POSSESS CDS/HEROIN"
"CDS-MARIJUANA"
"ATT TO POSS/SOLICITE CDS"
"POSSESS CDS/TO WIT MARIJUANA"
"CDS:POSS W/INTENT MANF/DIST"
"CDS:POSSES SUFFICIENT QUANTITY"
"POSS NON-CDS W/INTENT TO DIST"
"DIST NON-CDS UPON REP AS A CDS"
"HANDGUN/CDS TRAFFICING"
"CDS/INTENT TO DIST NEAR SCHOOL"
"CDS POSSESSION W.INT DISTR"
"CDS DISTR"
"POSS CP W/I TO USE TEST CDS"
"DIST NON CDS AS CDS"
"CDS POSS:NOT MARIHUANA"
"CDS POSS HEROIN"
"POSSESS CDS SCHEDULE I"
"HANDGUN CDS FEL CRIME"
"CDS:POSSESS-MARIJUANA"
"CDS POSSESION: COCAINE"
"CDS-POSSESSION-MARIHUANIA"
"CDS/PRESCRP:OBTN-MAKE FORG:CON"
"POSS. CDS, SCHED. I"
"CDS:POSSESSION ADM."
"CDS-PARA USE POSS W/INT USE"
"ATTEMPTED CDS DIST-NARC"
"CDS:POSSESS-NOTMARIHUANA"
"ATT-CDS POSS NARC"
"POSS W/I DIST NON CDS AS CDS"
"NON-CDS POSSESS"
"CDS: POSSE MARIJUANA 10GM+"
"CDS:POSS PARAPHERNALIA COCAINE"
"CDS MFG MAT POSS/DIST-MARI"
